1 1589620593
2 1582964398
3 1597677347
4 1582990523
5 1582990594
6 1582990692
8 1582990994
9 1582991171
10 1582991482
11 1582991647
12 1587808746
13 1582991771
14 1582991922
15 1583245710
16 1583025516
17 1587222610
18 1583028410
19 1583028675
20 1583028819
21 1583028878
22 1583028947
23 1583029074
24 1587808818
25 1583035238
26 1583035566
27 1583035880
28 1583035920
29 1583035969
30 1583036007
31 1587222696
32 1583036185
33 1587222786
34 1583037328
35 1587222909
36 1583037486
37 1583037526
38 1597772658
39 1583038185
40 1583038315
41 1583038735
42 1583038798
43 1583038839
44 1590676137
45 1583038944
46 1583038990
47 1583039118
48 1583039167
49 1583039221
50 1583040096
51 1585477097
52 1585056725
53 1585747451
54 1601353257
55 1587223324
56 1587809053
57 1587809097
58 1588682697
59 1588682756
60 1597672398
61 1597772511
62 1598370450
63 1598370732
64 1598370929
65 1603547687
66 1602814852
67 1606571453
68 1606573244
